-5.943415164947509766e-01 7.435787916183471680e-01 -6.338635683059692383e-01 -5.347630977630615234e-01
-5.753597021102905273e-01 7.165592312812805176e-01 -6.112018823623657227e-01 -5.125908255577087402e-01
-6.450333595275878906e-01 7.644736170768737793e-01 -6.766033768653869629e-01 -5.433813333511352539e-01
-5.753188729286193848e-01 7.758215069770812988e-01 -6.051903367042541504e-01 -5.551384687423706055e-01
-5.917748808860778809e-01 7.774696350097656250e-01 -6.249428391456604004e-01 -5.396117568016052246e-01
-5.709769129753112793e-01 7.187599539756774902e-01 -6.053803563117980957e-01 -5.014867186546325684e-01
-6.142874360084533691e-01 7.515897750854492188e-01 -6.523551344871520996e-01 -5.507603883743286133e-01
-5.995662808418273926e-01 7.918075919151306152e-01 -6.295633912086486816e-01 -5.661361813545227051e-01
-5.875499248504638672e-01 6.925217509269714355e-01 -6.153446435928344727e-01 -5.373721718788146973e-01
-6.451284289360046387e-01 8.591052293777465820e-01 -6.763736009597778320e-01 -6.502709984779357910e-01
-5.625844001770019531e-01 7.618862390518188477e-01 -5.952022671699523926e-01 -5.452209115028381348e-01
-5.681499242782592773e-01 7.473037242889404297e-01 -5.995922088623046875e-01 -5.221505165100097656e-01
-5.554843544960021973e-01 7.682199478149414062e-01 -5.868862271308898926e-01 -5.668352842330932617e-01
-5.913668870925903320e-01 7.339017391204833984e-01 -6.324756145477294922e-01 -5.267094373703002930e-01
-6.878560781478881836e-01 7.639330625534057617e-01 -7.124778032302856445e-01 -5.568472743034362793e-01
-5.876064896583557129e-01 6.774487495422363281e-01 -6.324427127838134766e-01 -5.079399347305297852e-01
-6.022214889526367188e-01 7.661879062652587891e-01 -6.182079315185546875e-01 -5.560165047645568848e-01
-6.192098259925842285e-01 7.907137274742126465e-01 -6.395829319953918457e-01 -5.413087606430053711e-01
-6.657183766365051270e-01 7.827275991439819336e-01 -6.930696964263916016e-01 -5.667122602462768555e-01
-5.823909640312194824e-01 7.783480286598205566e-01 -6.152892112731933594e-01 -5.179061293601989746e-01
-5.731120109558105469e-01 6.974183917045593262e-01 -5.865917205810546875e-01 -4.881056249141693115e-01
-7.183395624160766602e-01 7.734410762786865234e-01 -7.477275133132934570e-01 -5.766935348510742188e-01
-6.301413178443908691e-01 7.974160313606262207e-01 -6.403016448020935059e-01 -5.753819346427917480e-01
-6.745850443840026855e-01 8.476197123527526855e-01 -7.004473805427551270e-01 -5.773221254348754883e-01
