-6.088580489158630371e-01 8.184193968772888184e-01 -6.288719773292541504e-01 -5.952579975128173828e-01
-6.072060465812683105e-01 8.101897835731506348e-01 -6.380516886711120605e-01 -5.486399531364440918e-01
-5.926324129104614258e-01 7.642366886138916016e-01 -6.302731633186340332e-01 -5.332328677177429199e-01
-5.886543393135070801e-01 7.614904642105102539e-01 -6.211445927619934082e-01 -5.425819158554077148e-01
-6.019548177719116211e-01 7.679478526115417480e-01 -6.222814917564392090e-01 -5.194787383079528809e-01
-5.563688874244689941e-01 7.801788449287414551e-01 -5.703130364418029785e-01 -5.397068858146667480e-01
-7.252773642539978027e-01 7.630339264869689941e-01 -7.652970552444458008e-01 -6.017098426818847656e-01
-7.089532017707824707e-01 8.939532041549682617e-01 -7.425238490104675293e-01 -6.397349238395690918e-01
-5.758110284805297852e-01 7.020293474197387695e-01 -5.953576564788818359e-01 -5.119600296020507812e-01
-7.249608039855957031e-01 9.319446086883544922e-01 -7.785217761993408203e-01 -6.449660658836364746e-01
-6.093635559082031250e-01 8.109336495399475098e-01 -6.306761503219604492e-01 -5.533643960952758789e-01
-5.909655690193176270e-01 6.857426762580871582e-01 -6.257339715957641602e-01 -5.502321124076843262e-01
-5.974960923194885254e-01 8.190343976020812988e-01 -6.247524023056030273e-01 -6.086316108703613281e-01
-7.617069482803344727e-01 8.331304788589477539e-01 -7.992209196090698242e-01 -5.973511934280395508e-01
-5.568531155586242676e-01 7.772499322891235352e-01 -5.734478831291198730e-01 -5.642666816711425781e-01
-5.991914272308349609e-01 8.223562836647033691e-01 -6.195665597915649414e-01 -6.171725988388061523e-01
-7.505648136138916016e-01 8.495713472366333008e-01 -7.857053875923156738e-01 -6.146761775016784668e-01
-5.946819186210632324e-01 6.959533691406250000e-01 -6.387495398521423340e-01 -5.945523977279663086e-01
-6.799987554550170898e-01 7.701637744903564453e-01 -7.168156504631042480e-01 -5.763284564018249512e-01
-7.630839347839355469e-01 9.549384117126464844e-01 -7.992204427719116211e-01 -6.782855391502380371e-01
-6.700209379196166992e-01 7.273054718971252441e-01 -6.947746276855468750e-01 -5.132854580879211426e-01
-6.403971314430236816e-01 8.725046515464782715e-01 -6.695790290832519531e-01 -6.874073147773742676e-01
-7.870177030563354492e-01 8.322517871856689453e-01 -8.231291770935058594e-01 -6.107867360115051270e-01
-7.103364467620849609e-01 9.102087020874023438e-01 -7.422359585762023926e-01 -6.380192041397094727e-01
-6.592272520065307617e-01 8.982919454574584961e-01 -7.006815075874328613e-01 -6.431731581687927246e-01
-6.884633302688598633e-01 7.288193106651306152e-01 -7.335349917411804199e-01 -6.914650201797485352e-01
-7.513462901115417480e-01 7.554952502250671387e-01 -7.767979502677917480e-01 -5.733923912048339844e-01
-5.493590831756591797e-01 7.944523096084594727e-01 -5.821681022644042969e-01 -5.633944869041442871e-01
-7.701855301856994629e-01 7.883418202400207520e-01 -7.803977727890014648e-01 -5.955635309219360352e-01
-6.040611267089843750e-01 8.245490193367004395e-01 -6.553785800933837891e-01 -5.747650265693664551e-01
-7.154026627540588379e-01 9.543832540512084961e-01 -7.474011182785034180e-01 -7.026529908180236816e-01
-6.055079102516174316e-01 7.448297142982482910e-01 -6.428032517433166504e-01 -5.649660825729370117e-01
-6.423820257186889648e-01 7.932561039924621582e-01 -6.756832003593444824e-01 -5.508961081504821777e-01
-6.179924607276916504e-01 8.244257569313049316e-01 -6.513085365295410156e-01 -5.468318462371826172e-01
-7.268893718719482422e-01 7.506966590881347656e-01 -7.717888951301574707e-01 -6.938053965568542480e-01
-7.435823678970336914e-01 9.091475605964660645e-01 -7.574236989021301270e-01 -6.456194519996643066e-01
-5.869354605674743652e-01 7.207709550857543945e-01 -6.186735630035400391e-01 -5.173823833465576172e-01
-7.126697897911071777e-01 8.512162566184997559e-01 -7.460151910781860352e-01 -5.811479687690734863e-01
-6.987688541412353516e-01 9.099084734916687012e-01 -7.136678695678710938e-01 -7.030599713325500488e-01
-5.622117519378662109e-01 7.968168854713439941e-01 -5.810266733169555664e-01 -5.645493268966674805e-01
-5.736548304557800293e-01 8.137398362159729004e-01 -6.137357354164123535e-01 -6.086637377738952637e-01
-5.685263872146606445e-01 8.060167431831359863e-01 -5.885894298553466797e-01 -5.315874218940734863e-01
-5.631926655769348145e-01 7.079575061798095703e-01 -6.027264595031738281e-01 -5.181577801704406738e-01
-7.185003161430358887e-01 7.725285887718200684e-01 -7.471178174018859863e-01 -5.363421440124511719e-01
-7.025142312049865723e-01 9.305098056793212891e-01 -7.102410793304443359e-01 -7.167968750000000000e-01
-5.863239765167236328e-01 6.949289441108703613e-01 -6.095015406608581543e-01 -5.609133839607238770e-01
-7.938572168350219727e-01 9.684764742851257324e-01 -8.173391222953796387e-01 -6.766138076782226562e-01
-6.206567883491516113e-01 7.894176840782165527e-01 -6.336284279823303223e-01 -5.347334742546081543e-01
-6.643154025077819824e-01 8.869632482528686523e-01 -6.946143507957458496e-01 -6.586906909942626953e-01
-6.843968033790588379e-01 8.730158805847167969e-01 -7.128804922103881836e-01 -6.267043352127075195e-01
-7.251523733139038086e-01 7.370806932449340820e-01 -7.641530632972717285e-01 -6.696003675460815430e-01
-6.080249547958374023e-01 8.284596800804138184e-01 -6.546298861503601074e-01 -5.584402084350585938e-01
-7.593466639518737793e-01 9.755448698997497559e-01 -8.150371313095092773e-01 -6.964886188507080078e-01
-6.586815118789672852e-01 8.070201277732849121e-01 -6.941277980804443359e-01 -5.506438612937927246e-01
